Tanggal,Kategori,Pemasukkan,Pengeluaran,Saldo
01/01/2023,Gaji,500000,0,500000
01/01/2023,Makanan,0,10000,490000
01/01/2023,Transportasi,0,15000,475000
01/01/2023,Belanja,0,50000,425000
02/01/2023,Hiburan,0,100000,325000
02/01/2023,Kesehatan,0,125000,200000
02/01/2023,Makanan,0,15000,185000
02/01/2023,Transportasi,0,20000,165000
03/01/2023,Makanan,0,10000,155000

